# column 1: wavelength (micron)
# column 2: total flux; F_nu (Jy)
# column 3: transparent flux; F_nu (Jy)
# column 4: direct primary flux; F_nu (Jy)
# column 5: scattered primary flux; F_nu (Jy)
# column 6: direct secondary flux; F_nu (Jy)
# column 7: scattered secondary flux; F_nu (Jy)
9.000000000e-02 2.107585196e-04 2.570836212e-01 1.904910720e-04 2.026744759e-05 0.000000000e+00 0.000000000e+00
9.541091806e-02 1.490249564e-03 1.640251621e+00 1.365695788e-03 1.245537752e-04 0.000000000e+00 0.000000000e+00
1.011471476e-01 2.220583342e-03 2.087762408e+00 1.988845667e-03 2.317376746e-04 0.000000000e+00 0.000000000e+00
1.072282468e-01 3.484086644e-03 2.632525875e+00 3.108205461e-03 3.758811827e-04 0.000000000e+00 0.000000000e+00
1.136749497e-01 3.713042594e-03 2.594921160e+00 3.276096398e-03 4.369461961e-04 0.000000000e+00 0.000000000e+00
1.205092367e-01 3.423217606e-03 2.169845363e+00 2.953248335e-03 4.699692701e-04 0.000000000e+00 0.000000000e+00
1.277544101e-01 4.108176255e-03 2.688010429e+00 3.574943733e-03 5.332325223e-04 0.000000000e+00 0.000000000e+00
1.354351729e-01 4.851581242e-03 2.702910019e+00 4.250056543e-03 6.015246994e-04 0.000000000e+00 0.000000000e+00
1.435777131e-01 5.255905628e-03 2.497500483e+00 4.542679218e-03 7.132264095e-04 0.000000000e+00 0.000000000e+00
1.522097936e-01 4.823358386e-03 2.327761154e+00 4.110062300e-03 7.132960862e-04 0.000000000e+00 0.000000000e+00
1.613608460e-01 4.786654519e-03 2.365569581e+00 4.184401078e-03 6.022534415e-04 0.000000000e+00 0.000000000e+00
1.710620718e-01 4.682360806e-03 2.391889548e+00 4.108721897e-03 5.736389091e-04 0.000000000e+00 0.000000000e+00
1.813465479e-01 3.961783916e-03 2.330446769e+00 3.518018135e-03 4.437657810e-04 0.000000000e+00 0.000000000e+00
1.922493402e-01 3.877054687e-03 2.223967115e+00 3.451002293e-03 4.260523945e-04 0.000000000e+00 0.000000000e+00
2.038076228e-01 3.620296076e-03 2.210519442e+00 3.271722227e-03 3.485738497e-04 0.000000000e+00 0.000000000e+00
2.160608044e-01 3.134696210e-03 2.204124961e+00 2.871318166e-03 2.633780437e-04 0.000000000e+00 0.000000000e+00
2.290506634e-01 3.357988716e-03 2.084310324e+00 3.040370429e-03 3.176182867e-04 0.000000000e+00 0.000000000e+00
2.428214897e-01 3.620791215e-03 1.974824548e+00 3.146134618e-03 4.746565973e-04 0.000000000e+00 0.000000000e+00
2.574202362e-01 3.781591520e-03 1.921723097e+00 3.312057080e-03 4.695344406e-04 0.000000000e+00 0.000000000e+00
2.728966785e-01 3.912341565e-03 1.857240669e+00 3.445744410e-03 4.665971554e-04 0.000000000e+00 0.000000000e+00
2.893035848e-01 4.183945803e-03 1.818448051e+00 3.646715971e-03 5.372298317e-04 0.000000000e+00 0.000000000e+00
3.066968958e-01 4.170286876e-03 1.756678320e+00 3.621464343e-03 5.488225335e-04 0.000000000e+00 0.000000000e+00
3.251359155e-01 4.210298991e-03 1.680055685e+00 3.590122005e-03 6.201769862e-04 0.000000000e+00 0.000000000e+00
3.446835132e-01 4.436451447e-03 1.616606501e+00 3.870153347e-03 5.662981001e-04 0.000000000e+00 0.000000000e+00
3.654063382e-01 4.546675717e-03 1.591785375e+00 3.991993467e-03 5.546822503e-04 0.000000000e+00 0.000000000e+00
3.873750465e-01 6.689369398e-03 2.083050138e+00 5.843742964e-03 8.456264341e-04 0.000000000e+00 0.000000000e+00
4.106645425e-01 7.569186033e-03 2.269944876e+00 6.690119481e-03 8.790665514e-04 0.000000000e+00 0.000000000e+00
4.353542335e-01 7.742431824e-03 2.186394867e+00 6.825512278e-03 9.169195457e-04 0.000000000e+00 0.000000000e+00
4.615283011e-01 7.973935549e-03 2.177634331e+00 6.957937578e-03 1.015997971e-03 0.000000000e+00 0.000000000e+00
4.892759879e-01 7.883109289e-03 2.058090958e+00 6.893618675e-03 9.894906144e-04 0.000000000e+00 0.000000000e+00
5.186919022e-01 7.835366312e-03 1.999440355e+00 6.878503976e-03 9.568623362e-04 0.000000000e+00 0.000000000e+00
5.498763397e-01 8.560710966e-03 1.955743215e+00 7.515601559e-03 1.045109407e-03 0.000000000e+00 0.000000000e+00
5.829356266e-01 8.601560400e-03 1.953316895e+00 7.600205379e-03 1.001355021e-03 0.000000000e+00 0.000000000e+00
6.179824811e-01 9.373114467e-03 1.912090369e+00 8.204699454e-03 1.168415013e-03 0.000000000e+00 0.000000000e+00
6.551363985e-01 8.609099147e-03 1.855153861e+00 7.512927261e-03 1.096171886e-03 0.000000000e+00 0.000000000e+00
6.945240582e-01 8.621945407e-03 1.853604459e+00 7.647171154e-03 9.747742533e-04 0.000000000e+00 0.000000000e+00
7.362797556e-01 9.914023070e-03 1.856302285e+00 8.754329977e-03 1.159693092e-03 0.000000000e+00 0.000000000e+00
7.805458603e-01 9.944542566e-03 1.842252775e+00 8.710040589e-03 1.234501977e-03 0.000000000e+00 0.000000000e+00
8.274733014e-01 9.862322124e-03 1.822666007e+00 8.684122332e-03 1.178199792e-03 0.000000000e+00 0.000000000e+00
8.772220817e-01 1.026559206e-02 1.878214288e+00 9.222911963e-03 1.042680101e-03 0.000000000e+00 0.000000000e+00
9.299618239e-01 1.135568283e-02 1.923902099e+00 1.005310947e-02 1.302573367e-03 0.000000000e+00 0.000000000e+00
9.858723487e-01 1.112962817e-02 1.914846565e+00 9.938817290e-03 1.190810879e-03 5.782228939e-154 4.885638927e-136
1.045144288e+00 1.136990431e-02 1.891915289e+00 1.025891899e-02 1.110985319e-03 7.197420111e-136 1.195336341e-132
1.107979733e+00 1.181433738e-02 1.815611376e+00 1.050899766e-02 1.305339726e-03 1.706074097e-145 9.291887362e-124
1.174592928e+00 1.137959494e-02 1.798670369e+00 1.024004407e-02 1.139550876e-03 2.211405698e-136 5.245767585e-116
1.245210996e+00 1.188791150e-02 1.780265186e+00 1.064960523e-02 1.238306262e-03 1.426972994e-114 3.404584799e-107
1.320074714e+00 1.189362678e-02 1.760480091e+00 1.070771150e-02 1.185915283e-03 2.232437383e-114 3.013145455e-103
1.399439338e+00 1.205565899e-02 1.759104809e+00 1.088336068e-02 1.172298308e-03 1.869550244e-110 1.892097315e-97
1.483575466e+00 1.285954654e-02 1.754976979e+00 1.167373392e-02 1.185812619e-03 2.052127832e-97 1.514958657e-89
1.572769969e+00 1.361521375e-02 1.784865124e+00 1.238384920e-02 1.231364552e-03 1.146477774e-96 8.908553881e-85
1.667326963e+00 1.387799238e-02 1.816527026e+00 1.266318700e-02 1.214805389e-03 2.270097885e-92 1.081901411e-79
1.767568847e+00 1.479137827e-02 1.714286658e+00 1.360287038e-02 1.188507894e-03 4.646966681e-86 1.882555557e-75
1.873837405e+00 1.416295087e-02 1.591594207e+00 1.302223928e-02 1.140711591e-03 4.788313560e-78 5.381441839e-72
1.986494968e+00 1.314254950e-02 1.476759698e+00 1.216720760e-02 9.753419045e-04 2.338132408e-74 3.563133905e-65
2.105925651e+00 1.399311200e-02 1.389618791e+00 1.298701669e-02 1.006095304e-03 6.578776606e-71 1.370659148e-61
2.232536664e+00 1.312166912e-02 1.270849700e+00 1.222741605e-02 8.942530637e-04 7.792952301e-66 6.914168612e-58
2.366759696e+00 1.308583416e-02 1.040118016e+00 1.227321957e-02 8.126145953e-04 7.258293321e-61 1.508323870e-53
2.509052394e+00 1.222302832e-02 9.175801285e-01 1.151891720e-02 7.041111109e-04 2.871436582e-57 1.101161907e-51
2.659899915e+00 1.229879685e-02 9.251287281e-01 1.164091943e-02 6.578774235e-04 3.194057345e-53 3.630861250e-49
2.819816587e+00 1.231018131e-02 8.662223459e-01 1.170448396e-02 6.056973575e-04 1.381275740e-49 8.380437620e-45
2.989347660e+00 1.126124247e-02 7.909052774e-01 1.074373050e-02 5.175119709e-04 1.471953002e-46 1.137677953e-43
3.169071162e+00 1.109152165e-02 7.206761048e-01 1.064546555e-02 4.460561002e-04 4.811403693e-44 2.399040014e-41
3.359599877e+00 1.113538998e-02 6.617021045e-01 1.071790605e-02 4.174839260e-04 1.219947991e-40 2.032519856e-39
3.561583429e+00 1.040009555e-02 6.108734557e-01 1.003840095e-02 3.616946059e-04 5.453453644e-38 1.360318118e-35
3.775710497e+00 9.757350322e-03 5.351072741e-01 9.457389437e-03 2.999608848e-04 1.241709451e-35 1.151510371e-33
4.002711165e+00 9.928100631e-03 4.923279351e-01 9.664395790e-03 2.637048418e-04 4.134524353e-33 1.667584126e-31
4.243359411e+00 9.523026153e-03 4.444467705e-01 9.291172267e-03 2.318538861e-04 2.808598139e-31 2.320028172e-30
4.498475745e+00 8.167872038e-03 3.583254878e-01 7.998376740e-03 1.694952979e-04 1.044994441e-28 1.121677021e-27
4.768930007e+00 7.795421241e-03 3.258563323e-01 7.657301956e-03 1.381192850e-04 2.847787474e-27 1.478501017e-26
5.055644335e+00 7.704391822e-03 2.979953433e-01 7.582602648e-03 1.217891742e-04 3.534531065e-25 5.368809833e-25
5.359596304e+00 7.630580260e-03 2.806203231e-01 7.533201779e-03 9.737848100e-05 8.168161112e-24 5.543784593e-24
5.681822265e+00 7.134285488e-03 2.555676883e-01 7.055404460e-03 7.888102758e-05 5.456642057e-22 3.129068189e-22
6.023420872e+00 6.695055068e-03 2.338162370e-01 6.633196049e-03 6.185901892e-05 1.854854607e-20 3.689636758e-21
6.385556837e+00 6.303061970e-03 2.137227147e-01 6.253342560e-03 4.971940935e-05 6.035662301e-19 3.267059237e-20
6.769464890e+00 5.748531199e-03 1.918018798e-01 5.710679949e-03 3.785124928e-05 4.109739910e-18 9.868858125e-20
7.176453999e+00 5.312235501e-03 1.738541910e-01 5.284238654e-03 2.799684728e-05 9.150454375e-17 6.006611254e-18
7.607911827e+00 4.360320444e-03 1.579944012e-01 4.344318037e-03 1.600240706e-05 3.281977977e-16 1.542128994e-17
8.065309466e+00 2.883747693e-03 1.392432794e-01 2.878127949e-03 5.619744096e-06 2.935689802e-16 9.364581208e-17
8.550206451e+00 1.760735845e-03 1.268749904e-01 1.758977063e-03 1.758782081e-06 2.103582761e-16 1.504955146e-16
9.064256079e+00 1.254954385e-03 1.142346755e-01 1.254239974e-03 7.144109531e-07 1.024140049e-15 4.711334058e-16
9.609211044e+00 1.017939372e-03 1.025670387e-01 1.017522328e-03 4.170445977e-07 1.067493061e-14 3.281960420e-15
1.018692942e+01 9.867197066e-04 9.210145232e-02 9.863168568e-04 4.028477851e-07 1.942186834e-12 6.771607505e-14
1.079938098e+01 1.061028501e-03 8.209550500e-02 1.060581011e-03 4.474892220e-07 8.940133325e-13 1.306129549e-13
1.144865393e+01 1.073134240e-03 7.275987792e-02 1.072668600e-03 4.656299349e-07 9.347795515e-12 3.224391038e-13
1.213696202e+01 1.100568775e-03 6.411556170e-02 1.100108349e-03 4.598068049e-07 6.112679407e-10 8.158388769e-12
1.286665210e+01 1.172049490e-03 5.742878851e-02 1.171582361e-03 4.659962584e-07 1.114977858e-09 1.763041837e-11
1.364021210e+01 1.172666129e-03 5.142332715e-02 1.172225289e-03 4.326688083e-07 8.090347853e-09 8.121370144e-11
1.446027954e+01 1.122809106e-03 4.549597512e-02 1.122442668e-03 3.217960690e-07 4.453886368e-08 1.033614109e-10
1.532965052e+01 8.848456289e-04 4.038153767e-02 8.845531572e-04 1.698396754e-07 1.219738762e-07 6.581406145e-10
1.625128922e+01 7.162280143e-04 3.592898103e-02 7.158523630e-04 8.782501811e-08 2.862434244e-07 1.582834711e-09
1.722833804e+01 5.910274306e-04 3.165750934e-02 5.902228475e-04 3.868793724e-08 7.646081009e-07 1.287041038e-09
1.826412832e+01 5.040975530e-04 2.825587900e-02 5.006671264e-04 1.624164625e-08 3.413120058e-06 1.064925149e-09
1.936219168e+01 4.765199336e-04 2.550155530e-02 4.589713870e-04 9.948693054e-09 1.753469752e-05 3.900412128e-09
2.052627204e+01 4.819328611e-04 2.267724463e-02 4.262806674e-04 6.156510869e-09 5.564502546e-05 1.011702310e-09
2.176033844e+01 5.939192764e-04 1.982410557e-02 4.114887746e-04 4.726434301e-09 1.824231940e-04 2.581396396e-09
2.306859853e+01 8.147567874e-04 1.786921662e-02 4.186360186e-04 2.406831238e-09 3.961140582e-04 4.303719072e-09
2.445551294e+01 1.469697595e-03 1.585425480e-02 3.728497353e-04 1.358961159e-09 1.096840688e-03 5.812547382e-09
2.592581045e+01 3.706842862e-03 1.416867194e-02 3.514472375e-04 8.455593029e-10 3.355378151e-03 1.662784631e-08
2.748450419e+01 1.021209132e-02 1.257225223e-02 3.449396336e-04 2.376745428e-10 9.867124286e-03 2.716346340e-08
2.913690863e+01 2.163319393e-02 1.125182699e-02 3.211460393e-04 4.801637490e-11 2.131203372e-02 1.412373803e-08
3.088865780e+01 5.721724406e-02 1.004955688e-02 2.992297609e-04 1.494149873e-12 5.691801393e-02 3.661043602e-10
3.274572442e+01 1.263990362e-01 8.940542623e-03 2.833011366e-04 0.000000000e+00 1.261157351e-01 0.000000000e+00
3.471444033e+01 2.413418726e-01 7.997805726e-03 2.695467948e-04 0.000000000e+00 2.410723258e-01 0.000000000e+00
3.680151802e+01 5.341293398e-01 7.049450022e-03 2.581039217e-04 0.000000000e+00 5.338712358e-01 0.000000000e+00
3.901407356e+01 1.041937726e+00 6.388629348e-03 2.429446060e-04 0.000000000e+00 1.041694782e+00 0.000000000e+00
4.135965084e+01 2.072072548e+00 5.602670692e-03 2.337708363e-04 0.000000000e+00 2.071838777e+00 0.000000000e+00
4.384624730e+01 3.736106801e+00 5.083901056e-03 2.240467404e-04 0.000000000e+00 3.735882754e+00 0.000000000e+00
4.648234121e+01 6.779938040e+00 4.471696974e-03 2.204436483e-04 0.000000000e+00 6.779717596e+00 0.000000000e+00
4.927692053e+01 1.142041266e+01 3.984871074e-03 2.145354440e-04 0.000000000e+00 1.142019812e+01 0.000000000e+00
5.223951363e+01 1.885007876e+01 3.536198277e-03 2.040051400e-04 0.000000000e+00 1.884987475e+01 0.000000000e+00
5.538022172e+01 3.080592052e+01 3.177767757e-03 2.029944893e-04 0.000000000e+00 3.080571753e+01 0.000000000e+00
5.870975330e+01 4.694789166e+01 2.772379971e-03 1.993896247e-04 0.000000000e+00 4.694769227e+01 0.000000000e+00
6.223946068e+01 7.077755590e+01 2.501066850e-03 1.994644658e-04 0.000000000e+00 7.077735644e+01 0.000000000e+00
6.598137870e+01 1.022064510e+02 2.214505862e-03 1.926979333e-04 0.000000000e+00 1.022062583e+02 0.000000000e+00
6.994826574e+01 1.418357554e+02 1.981522071e-03 1.932165660e-04 0.000000000e+00 1.418355622e+02 0.000000000e+00
7.415364723e+01 1.948197734e+02 1.766200384e-03 1.869466109e-04 0.000000000e+00 1.948195865e+02 0.000000000e+00
7.861186177e+01 2.523576880e+02 1.586162669e-03 1.893380219e-04 0.000000000e+00 2.523574986e+02 0.000000000e+00
8.333811002e+01 3.180612030e+02 1.401114818e-03 1.837138892e-04 0.000000000e+00 3.180610193e+02 0.000000000e+00
8.834850651e+01 3.944838059e+02 1.225955614e-03 1.811155795e-04 0.000000000e+00 3.944836248e+02 0.000000000e+00
9.366013462e+01 4.776744877e+02 1.107891282e-03 1.808260617e-04 0.000000000e+00 4.776743069e+02 0.000000000e+00
9.929110477e+01 5.580237150e+02 6.245124260e-04 1.094966095e-04 0.000000000e+00 5.580236055e+02 0.000000000e+00
1.052606162e+02 6.373446616e+02 0.000000000e+00 0.000000000e+00 0.000000000e+00 6.373446616e+02 0.000000000e+00
1.115890226e+02 7.119850391e+02 0.000000000e+00 0.000000000e+00 0.000000000e+00 7.119850391e+02 0.000000000e+00
1.182979010e+02 7.762564236e+02 0.000000000e+00 0.000000000e+00 0.000000000e+00 7.762564236e+02 0.000000000e+00
1.254101260e+02 8.322728888e+02 0.000000000e+00 0.000000000e+00 0.000000000e+00 8.322728888e+02 0.000000000e+00
1.329499472e+02 8.818903757e+02 0.000000000e+00 0.000000000e+00 0.000000000e+00 8.818903757e+02 0.000000000e+00
1.409430725e+02 9.040365378e+02 0.000000000e+00 0.000000000e+00 0.000000000e+00 9.040365378e+02 0.000000000e+00
1.494167549e+02 9.284155623e+02 0.000000000e+00 0.000000000e+00 0.000000000e+00 9.284155623e+02 0.000000000e+00
1.583998862e+02 9.219258601e+02 0.000000000e+00 0.000000000e+00 0.000000000e+00 9.219258601e+02 0.000000000e+00
1.679230951e+02 9.163232043e+02 0.000000000e+00 0.000000000e+00 0.000000000e+00 9.163232043e+02 0.000000000e+00
1.780188519e+02 8.762596015e+02 0.000000000e+00 0.000000000e+00 0.000000000e+00 8.762596015e+02 0.000000000e+00
1.887215788e+02 8.493693274e+02 0.000000000e+00 0.000000000e+00 0.000000000e+00 8.493693274e+02 0.000000000e+00
2.000677676e+02 7.991252347e+02 0.000000000e+00 0.000000000e+00 0.000000000e+00 7.991252347e+02 0.000000000e+00
2.120961043e+02 7.522342466e+02 0.000000000e+00 0.000000000e+00 0.000000000e+00 7.522342466e+02 0.000000000e+00
2.248476003e+02 6.940188379e+02 0.000000000e+00 0.000000000e+00 0.000000000e+00 6.940188379e+02 0.000000000e+00
2.383657330e+02 6.360754843e+02 0.000000000e+00 0.000000000e+00 0.000000000e+00 6.360754843e+02 0.000000000e+00
2.526965935e+02 5.827180582e+02 0.000000000e+00 0.000000000e+00 0.000000000e+00 5.827180582e+02 0.000000000e+00
2.678890442e+02 5.241741312e+02 0.000000000e+00 0.000000000e+00 0.000000000e+00 5.241741312e+02 0.000000000e+00
2.839948849e+02 4.606260871e+02 0.000000000e+00 0.000000000e+00 0.000000000e+00 4.606260871e+02 0.000000000e+00
3.010690299e+02 4.112994662e+02 0.000000000e+00 0.000000000e+00 0.000000000e+00 4.112994662e+02 0.000000000e+00
3.191696949e+02 3.608452173e+02 0.000000000e+00 0.000000000e+00 0.000000000e+00 3.608452173e+02 0.000000000e+00
3.383585957e+02 3.167220065e+02 0.000000000e+00 0.000000000e+00 0.000000000e+00 3.167220065e+02 0.000000000e+00
3.587011583e+02 2.723690123e+02 0.000000000e+00 0.000000000e+00 0.000000000e+00 2.723690123e+02 0.000000000e+00
3.802667425e+02 2.370618980e+02 0.000000000e+00 0.000000000e+00 0.000000000e+00 2.370618980e+02 0.000000000e+00
4.031288779e+02 2.007774651e+02 0.000000000e+00 0.000000000e+00 0.000000000e+00 2.007774651e+02 0.000000000e+00
4.273655148e+02 1.717465950e+02 0.000000000e+00 0.000000000e+00 0.000000000e+00 1.717465950e+02 0.000000000e+00
4.530592901e+02 1.463224285e+02 0.000000000e+00 0.000000000e+00 0.000000000e+00 1.463224285e+02 0.000000000e+00
4.802978090e+02 1.247988336e+02 0.000000000e+00 0.000000000e+00 0.000000000e+00 1.247988336e+02 0.000000000e+00
5.091739433e+02 1.050794630e+02 0.000000000e+00 0.000000000e+00 0.000000000e+00 1.050794630e+02 0.000000000e+00
5.397861487e+02 8.653410793e+01 0.000000000e+00 0.000000000e+00 0.000000000e+00 8.653410793e+01 0.000000000e+00
5.722388000e+02 7.284785601e+01 0.000000000e+00 0.000000000e+00 0.000000000e+00 7.284785601e+01 0.000000000e+00
6.066425473e+02 6.156159737e+01 0.000000000e+00 0.000000000e+00 0.000000000e+00 6.156159737e+01 0.000000000e+00
6.431146930e+02 4.987528387e+01 0.000000000e+00 0.000000000e+00 0.000000000e+00 4.987528387e+01 0.000000000e+00
6.817795920e+02 4.167926274e+01 0.000000000e+00 0.000000000e+00 0.000000000e+00 4.167926274e+01 0.000000000e+00
7.227690754e+02 3.489713573e+01 0.000000000e+00 0.000000000e+00 0.000000000e+00 3.489713573e+01 0.000000000e+00
7.662229003e+02 2.872327218e+01 0.000000000e+00 0.000000000e+00 0.000000000e+00 2.872327218e+01 0.000000000e+00
8.122892262e+02 2.335456823e+01 0.000000000e+00 0.000000000e+00 0.000000000e+00 2.335456823e+01 0.000000000e+00
8.611251200e+02 1.942513276e+01 0.000000000e+00 0.000000000e+00 0.000000000e+00 1.942513276e+01 0.000000000e+00
9.128970918e+02 1.573684412e+01 0.000000000e+00 0.000000000e+00 0.000000000e+00 1.573684412e+01 0.000000000e+00
9.677816625e+02 1.293074314e+01 0.000000000e+00 0.000000000e+00 0.000000000e+00 1.293074314e+01 0.000000000e+00
1.025965966e+03 1.134025626e+01 0.000000000e+00 0.000000000e+00 0.000000000e+00 1.134025626e+01 0.000000000e+00
1.087648385e+03 1.013050274e+01 0.000000000e+00 0.000000000e+00 0.000000000e+00 1.013050274e+01 0.000000000e+00
1.153039233e+03 9.183713117e+00 0.000000000e+00 0.000000000e+00 0.000000000e+00 9.183713117e+00 0.000000000e+00
1.222361464e+03 8.322532160e+00 0.000000000e+00 0.000000000e+00 0.000000000e+00 8.322532160e+00 0.000000000e+00
1.295851439e+03 7.541989351e+00 0.000000000e+00 0.000000000e+00 0.000000000e+00 7.541989351e+00 0.000000000e+00
1.373759727e+03 6.874124395e+00 0.000000000e+00 0.000000000e+00 0.000000000e+00 6.874124395e+00 0.000000000e+00
1.456351964e+03 6.195936214e+00 0.000000000e+00 0.000000000e+00 0.000000000e+00 6.195936214e+00 0.000000000e+00
1.543909754e+03 5.503258466e+00 0.000000000e+00 0.000000000e+00 0.000000000e+00 5.503258466e+00 0.000000000e+00
1.636731634e+03 5.013969454e+00 0.000000000e+00 0.000000000e+00 0.000000000e+00 5.013969454e+00 0.000000000e+00
1.735134087e+03 4.558279073e+00 0.000000000e+00 0.000000000e+00 0.000000000e+00 4.558279073e+00 0.000000000e+00
1.839452624e+03 4.165876804e+00 0.000000000e+00 0.000000000e+00 0.000000000e+00 4.165876804e+00 0.000000000e+00
1.950042929e+03 3.638545417e+00 0.000000000e+00 0.000000000e+00 0.000000000e+00 3.638545417e+00 0.000000000e+00
2.067282068e+03 3.283596233e+00 0.000000000e+00 0.000000000e+00 0.000000000e+00 3.283596233e+00 0.000000000e+00
2.191569778e+03 2.971059510e+00 0.000000000e+00 0.000000000e+00 0.000000000e+00 2.971059510e+00 0.000000000e+00
2.323329827e+03 2.689956662e+00 0.000000000e+00 0.000000000e+00 0.000000000e+00 2.689956662e+00 0.000000000e+00
2.463011464e+03 2.465199844e+00 0.000000000e+00 0.000000000e+00 0.000000000e+00 2.465199844e+00 0.000000000e+00
2.611090944e+03 2.160529054e+00 0.000000000e+00 0.000000000e+00 0.000000000e+00 2.160529054e+00 0.000000000e+00
2.768073157e+03 1.974275922e+00 0.000000000e+00 0.000000000e+00 0.000000000e+00 1.974275922e+00 0.000000000e+00
2.934493346e+03 1.729881102e+00 0.000000000e+00 0.000000000e+00 0.000000000e+00 1.729881102e+00 0.000000000e+00
3.110918936e+03 1.577573244e+00 0.000000000e+00 0.000000000e+00 0.000000000e+00 1.577573244e+00 0.000000000e+00
3.297951463e+03 1.415984040e+00 0.000000000e+00 0.000000000e+00 0.000000000e+00 1.415984040e+00 0.000000000e+00
3.496228631e+03 1.271576280e+00 0.000000000e+00 0.000000000e+00 0.000000000e+00 1.271576280e+00 0.000000000e+00
3.706426483e+03 1.121457485e+00 0.000000000e+00 0.000000000e+00 0.000000000e+00 1.121457485e+00 0.000000000e+00
3.929261705e+03 1.024617922e+00 0.000000000e+00 0.000000000e+00 0.000000000e+00 1.024617922e+00 0.000000000e+00
4.165494073e+03 8.971002509e-01 0.000000000e+00 0.000000000e+00 0.000000000e+00 8.971002509e-01 0.000000000e+00
4.415929040e+03 7.945166585e-01 0.000000000e+00 0.000000000e+00 0.000000000e+00 7.945166585e-01 0.000000000e+00
4.681420487e+03 7.350097253e-01 0.000000000e+00 0.000000000e+00 0.000000000e+00 7.350097253e-01 0.000000000e+00
4.962873628e+03 6.523574288e-01 0.000000000e+00 0.000000000e+00 0.000000000e+00 6.523574288e-01 0.000000000e+00
5.261248100e+03 5.843053992e-01 0.000000000e+00 0.000000000e+00 0.000000000e+00 5.843053992e-01 0.000000000e+00
5.577561237e+03 5.201656579e-01 0.000000000e+00 0.000000000e+00 0.000000000e+00 5.201656579e-01 0.000000000e+00
5.912891535e+03 4.615930264e-01 0.000000000e+00 0.000000000e+00 0.000000000e+00 4.615930264e-01 0.000000000e+00
6.268382331e+03 4.097279725e-01 0.000000000e+00 0.000000000e+00 0.000000000e+00 4.097279725e-01 0.000000000e+00
6.645245699e+03 3.647673135e-01 0.000000000e+00 0.000000000e+00 0.000000000e+00 3.647673135e-01 0.000000000e+00
7.044766588e+03 3.268755298e-01 0.000000000e+00 0.000000000e+00 0.000000000e+00 3.268755298e-01 0.000000000e+00
7.468307196e+03 2.944694590e-01 0.000000000e+00 0.000000000e+00 0.000000000e+00 2.944694590e-01 0.000000000e+00
7.917311621e+03 2.604276387e-01 0.000000000e+00 0.000000000e+00 0.000000000e+00 2.604276387e-01 0.000000000e+00
8.393310782e+03 2.344352623e-01 0.000000000e+00 0.000000000e+00 0.000000000e+00 2.344352623e-01 0.000000000e+00
8.897927636e+03 2.083085477e-01 0.000000000e+00 0.000000000e+00 0.000000000e+00 2.083085477e-01 0.000000000e+00
9.432882717e+03 1.876022860e-01 0.000000000e+00 0.000000000e+00 0.000000000e+00 1.876022860e-01 0.000000000e+00
1.000000000e+04 1.518629398e-01 0.000000000e+00 0.000000000e+00 0.000000000e+00 1.518629398e-01 0.000000000e+00
