# column 1: wavelength (micron)
# column 2: total flux; F_nu (Jy)
# column 3: transparent flux; F_nu (Jy)
# column 4: direct primary flux; F_nu (Jy)
# column 5: scattered primary flux; F_nu (Jy)
# column 6: direct secondary flux; F_nu (Jy)
# column 7: scattered secondary flux; F_nu (Jy)
9.000000000e-02 2.539695837e-04 3.161373581e-01 2.336762573e-04 2.029332635e-05 0.000000000e+00 0.000000000e+00
9.541091806e-02 2.683150169e-03 2.139736517e+00 2.448820565e-03 2.343296040e-04 0.000000000e+00 0.000000000e+00
1.011471476e-01 3.792063841e-03 2.750460202e+00 3.419350784e-03 3.727130574e-04 0.000000000e+00 0.000000000e+00
1.072282468e-01 4.376914528e-03 3.622771025e+00 3.726210259e-03 6.507042691e-04 0.000000000e+00 0.000000000e+00
1.136749497e-01 4.939087905e-03 3.657777281e+00 4.342002063e-03 5.970858428e-04 0.000000000e+00 0.000000000e+00
1.205092367e-01 4.751654967e-03 3.014085791e+00 3.943025116e-03 8.086298515e-04 0.000000000e+00 0.000000000e+00
1.277544101e-01 4.992394501e-03 4.003885505e+00 4.328681859e-03 6.637126419e-04 0.000000000e+00 0.000000000e+00
1.354351729e-01 5.191761747e-03 4.121564745e+00 4.347861987e-03 8.438997597e-04 0.000000000e+00 0.000000000e+00
1.435777131e-01 5.781420824e-03 3.840273494e+00 4.976599884e-03 8.048209401e-04 0.000000000e+00 0.000000000e+00
1.522097936e-01 5.265229595e-03 3.560765461e+00 4.545577820e-03 7.196517752e-04 0.000000000e+00 0.000000000e+00
1.613608460e-01 5.752900701e-03 3.676098042e+00 4.859229724e-03 8.936709768e-04 0.000000000e+00 0.000000000e+00
1.710620718e-01 5.493295582e-03 3.790673087e+00 4.497545936e-03 9.957496453e-04 0.000000000e+00 0.000000000e+00
1.813465479e-01 4.587555636e-03 3.737524846e+00 3.786738011e-03 8.008176251e-04 0.000000000e+00 0.000000000e+00
1.922493402e-01 4.238190499e-03 3.600199492e+00 3.769374903e-03 4.688155959e-04 0.000000000e+00 0.000000000e+00
2.038076228e-01 3.866374461e-03 3.657081734e+00 3.501043390e-03 3.653310710e-04 0.000000000e+00 0.000000000e+00
2.160608044e-01 3.520814386e-03 3.685815371e+00 3.070695707e-03 4.501186794e-04 0.000000000e+00 0.000000000e+00
2.290506634e-01 3.294573400e-03 3.455074577e+00 2.882173354e-03 4.124000458e-04 0.000000000e+00 0.000000000e+00
2.428214897e-01 3.962298851e-03 3.275336526e+00 3.295956765e-03 6.663420861e-04 0.000000000e+00 0.000000000e+00
2.574202362e-01 3.613199575e-03 3.272467180e+00 2.936416877e-03 6.767826983e-04 0.000000000e+00 0.000000000e+00
2.728966785e-01 4.240682297e-03 3.226189938e+00 3.536467975e-03 7.042143218e-04 0.000000000e+00 0.000000000e+00
2.893035848e-01 4.269186925e-03 3.181723542e+00 3.433625066e-03 8.355618589e-04 0.000000000e+00 0.000000000e+00
3.066968958e-01 4.162934156e-03 3.137133607e+00 3.477280765e-03 6.856533915e-04 0.000000000e+00 0.000000000e+00
3.251359155e-01 3.750920135e-03 3.033042887e+00 3.019941126e-03 7.309790090e-04 0.000000000e+00 0.000000000e+00
3.446835132e-01 4.227675366e-03 2.929015733e+00 3.235770887e-03 9.919044797e-04 0.000000000e+00 0.000000000e+00
3.654063382e-01 3.839818356e-03 2.927659220e+00 3.108911883e-03 7.309064730e-04 0.000000000e+00 0.000000000e+00
3.873750465e-01 5.601311722e-03 3.950069939e+00 4.376001385e-03 1.225310337e-03 0.000000000e+00 0.000000000e+00
4.106645425e-01 7.077781277e-03 4.447559246e+00 5.725821294e-03 1.351959984e-03 0.000000000e+00 0.000000000e+00
4.353542335e-01 6.196222525e-03 4.275165659e+00 4.955614311e-03 1.240608214e-03 0.000000000e+00 0.000000000e+00
4.615283011e-01 6.630069000e-03 4.350819868e+00 5.313895114e-03 1.316173885e-03 0.000000000e+00 0.000000000e+00
4.892759879e-01 6.416999052e-03 4.087791436e+00 5.101142472e-03 1.315856579e-03 0.000000000e+00 0.000000000e+00
5.186919022e-01 6.858603943e-03 4.029191225e+00 5.516917131e-03 1.341686813e-03 0.000000000e+00 0.000000000e+00
5.498763397e-01 7.062421796e-03 4.007974185e+00 5.556806912e-03 1.505614883e-03 0.000000000e+00 0.000000000e+00
5.829356266e-01 7.298129804e-03 3.952258102e+00 5.921868934e-03 1.376260870e-03 0.000000000e+00 0.000000000e+00
6.179824811e-01 8.225539263e-03 3.905124372e+00 6.548259351e-03 1.677279913e-03 0.000000000e+00 0.000000000e+00
6.551363985e-01 7.602476611e-03 3.848184562e+00 6.036214989e-03 1.566261623e-03 0.000000000e+00 0.000000000e+00
6.945240582e-01 8.828956610e-03 3.850720440e+00 6.932328855e-03 1.896627756e-03 0.000000000e+00 0.000000000e+00
7.362797556e-01 9.432293650e-03 3.919089821e+00 7.501440285e-03 1.930853365e-03 0.000000000e+00 0.000000000e+00
7.805458603e-01 1.004132127e-02 3.898161107e+00 8.106783964e-03 1.934537310e-03 0.000000000e+00 0.000000000e+00
8.274733014e-01 1.126982089e-02 3.985453676e+00 9.049981772e-03 2.219839119e-03 0.000000000e+00 0.000000000e+00
8.772220817e-01 1.051335774e-02 4.122920415e+00 8.307037165e-03 2.206320574e-03 0.000000000e+00 0.000000000e+00
9.299618239e-01 1.318773178e-02 4.237187463e+00 1.056924677e-02 2.618485011e-03 0.000000000e+00 0.000000000e+00
9.858723487e-01 1.357041519e-02 4.295828250e+00 1.087716446e-02 2.693250731e-03 6.288698138e-169 3.180710705e-169
1.045144288e+00 1.475162286e-02 4.295931170e+00 1.207215204e-02 2.679470824e-03 1.163700855e-158 1.370612036e-157
1.107979733e+00 1.524953903e-02 4.120434331e+00 1.244219784e-02 2.807341191e-03 1.541119291e-148 6.087396622e-147
1.174592928e+00 1.500957601e-02 4.131572865e+00 1.235602235e-02 2.653553662e-03 6.634278630e-141 2.411465856e-140
1.245210996e+00 1.705255554e-02 4.155373828e+00 1.411116328e-02 2.941392266e-03 6.106561423e-131 6.162706213e-130
1.320074714e+00 1.821563937e-02 4.104402858e+00 1.506696805e-02 3.148671322e-03 7.875033459e-123 1.315188923e-122
1.399439338e+00 2.031497003e-02 4.095863382e+00 1.688775282e-02 3.427217209e-03 3.216700447e-116 5.372170710e-116
1.483575466e+00 2.205401144e-02 4.128413867e+00 1.855943565e-02 3.494575793e-03 3.097182151e-108 1.204233897e-106
1.572769969e+00 2.425910234e-02 4.249842463e+00 2.063503765e-02 3.624064691e-03 8.645206783e-102 6.599539950e-102
1.667326963e+00 2.605809870e-02 4.311767961e+00 2.231441352e-02 3.743685177e-03 2.042099274e-95 4.680302012e-95
1.767568847e+00 2.844287687e-02 4.156711258e+00 2.469331554e-02 3.749561333e-03 1.745045372e-89 4.451245188e-90
1.873837405e+00 3.004986032e-02 3.923769693e+00 2.638798598e-02 3.661874335e-03 3.138975985e-84 1.255167345e-84
1.986494968e+00 2.931063532e-02 3.635166619e+00 2.595183561e-02 3.358799712e-03 1.013916991e-78 4.877928027e-79
2.105925651e+00 3.167817922e-02 3.401661182e+00 2.832807366e-02 3.350105557e-03 4.907498344e-74 7.302681936e-74
2.232536664e+00 3.211224218e-02 3.138516486e+00 2.883157566e-02 3.280666521e-03 2.459551476e-69 1.471228905e-69
2.366759696e+00 3.125374597e-02 2.562147051e+00 2.841607261e-02 2.837673359e-03 8.621059876e-65 3.400272029e-65
2.509052394e+00 2.948321637e-02 2.250429655e+00 2.708231945e-02 2.400896927e-03 8.009954369e-61 1.443639947e-61
2.659899915e+00 2.992846426e-02 2.245825465e+00 2.767526220e-02 2.253202054e-03 5.733763392e-57 1.605855608e-57
2.819816587e+00 3.249911653e-02 2.152109413e+00 3.030124243e-02 2.197874098e-03 2.883574684e-53 4.400832907e-54
2.989347660e+00 3.020086233e-02 1.982542890e+00 2.831888295e-02 1.881979379e-03 7.205659256e-50 1.380885048e-50
3.169071162e+00 2.989801929e-02 1.808246922e+00 2.821547498e-02 1.682544306e-03 9.637346454e-47 1.184057041e-47
3.359599877e+00 3.144293047e-02 1.666573399e+00 2.990495225e-02 1.537978221e-03 6.250917349e-44 7.797773661e-45
3.561583429e+00 3.106653703e-02 1.520215586e+00 2.970836617e-02 1.358170852e-03 8.485879984e-41 1.060882671e-41
3.775710497e+00 3.012152788e-02 1.347437789e+00 2.895985210e-02 1.161675784e-03 3.253938966e-38 2.986854351e-39
4.002711165e+00 2.921817693e-02 1.221193185e+00 2.820065584e-02 1.017521086e-03 1.067948116e-35 1.113823051e-36
4.243359411e+00 2.919695067e-02 1.113216872e+00 2.832639619e-02 8.705544836e-04 2.743798795e-33 1.729572790e-34
4.498475745e+00 2.566299673e-02 9.166742172e-01 2.498536531e-02 6.776314239e-04 3.361190284e-31 1.735684088e-32
4.768930007e+00 2.568172190e-02 8.306603740e-01 2.510893988e-02 5.727820123e-04 5.855777059e-29 2.995280562e-30
5.055644335e+00 2.422039467e-02 7.673790088e-01 2.375856832e-02 4.618263538e-04 4.499059106e-27 2.157246083e-28
5.359596304e+00 2.360132296e-02 7.038452762e-01 2.321065381e-02 3.906691571e-04 3.647996510e-25 1.337810399e-26
5.681822265e+00 2.355254533e-02 6.606375095e-01 2.322395991e-02 3.285854150e-04 1.754036485e-23 4.817360586e-25
6.023420872e+00 2.284088334e-02 5.999784256e-01 2.257746255e-02 2.634207894e-04 8.165538558e-22 1.765812260e-23
6.385556837e+00 2.088067835e-02 5.491224403e-01 2.067649021e-02 2.041881465e-04 2.462303379e-20 5.053045055e-22
6.769464890e+00 2.035386597e-02 4.944142330e-01 2.018961999e-02 1.642459843e-04 6.226987383e-19 8.869352946e-21
7.176453999e+00 1.802829379e-02 4.495417763e-01 1.791155147e-02 1.167423150e-04 1.567792420e-17 1.862713690e-19
7.607911827e+00 1.446023415e-02 4.034629685e-01 1.439237654e-02 6.785760881e-05 1.474044886e-16 1.341485696e-18
8.065309466e+00 9.065129397e-03 3.597407020e-01 9.042284433e-03 2.284496425e-05 7.003518048e-16 3.642948033e-18
8.550206451e+00 4.932256488e-03 3.270440282e-01 4.925854807e-03 6.401680885e-06 2.041775556e-15 4.986161695e-18
9.064256079e+00 3.250284961e-03 2.908129403e-01 3.247785259e-03 2.499702304e-06 4.796753328e-15 1.109902313e-17
9.609211044e+00 2.649981426e-03 2.665510929e-01 2.648321879e-03 1.659546963e-06 3.407685455e-14 6.570884578e-17
1.018692942e+01 2.646784076e-03 2.361366070e-01 2.645245860e-03 1.538216060e-06 6.140889885e-13 1.500810169e-15
1.079938098e+01 2.737643642e-03 2.093096424e-01 2.736108519e-03 1.535113670e-06 8.820918549e-12 1.106344835e-14
1.144865393e+01 3.061021632e-03 1.900808413e-01 3.059313867e-03 1.707578468e-06 1.863279822e-10 1.634967387e-13
1.213696202e+01 3.329152351e-03 1.688646136e-01 3.327303396e-03 1.846925467e-06 2.026097417e-09 2.939851533e-12
1.286665210e+01 3.827463437e-03 1.493899626e-01 3.825505395e-03 1.934747384e-06 2.326798357e-08 2.591986057e-11
1.364021210e+01 3.989707305e-03 1.339482954e-01 3.987718282e-03 1.837922003e-06 1.509639259e-07 1.376782208e-10
1.446027954e+01 3.696303364e-03 1.182161451e-01 3.694235040e-03 1.308873346e-06 7.588663045e-07 5.851376939e-10
1.532965052e+01 2.878871756e-03 1.054229353e-01 2.875450833e-03 7.385524735e-07 2.680996666e-06 1.373766704e-09
1.625128922e+01 2.255952322e-03 9.371120775e-02 2.247441742e-03 3.847044536e-07 8.122666509e-06 3.208932096e-09
1.722833804e+01 1.888762971e-03 8.253697956e-02 1.862961847e-03 1.950079244e-07 2.559925250e-05 6.863404094e-09
1.826412832e+01 1.608441404e-03 7.379845291e-02 1.527261554e-03 1.033707881e-07 8.106243333e-05 1.404648932e-08
1.936219168e+01 1.661059131e-03 6.613087081e-02 1.402003882e-03 7.029884889e-08 2.589443821e-04 4.056806592e-08
2.052627204e+01 2.562675899e-03 5.851887316e-02 1.385435739e-03 5.329657591e-08 1.177049831e-03 1.370324746e-07
2.176033844e+01 4.782707547e-03 5.258564394e-02 1.329538858e-03 3.784820417e-08 3.452840074e-03 2.907674146e-07
2.306859853e+01 1.148861281e-02 4.662708861e-02 1.282390969e-03 2.417083781e-08 1.020553654e-02 6.611348455e-07
2.445551294e+01 2.700252994e-02 4.203004078e-02 1.217806617e-03 1.584366674e-08 2.578346385e-02 1.243622445e-06
2.592581045e+01 7.315352341e-02 3.670790834e-02 1.155099344e-03 9.202012494e-09 7.199600397e-02 2.410896036e-06
2.748450419e+01 1.709058634e-01 3.257420971e-02 1.075072611e-03 4.123483403e-09 1.698273048e-01 3.481903039e-06
2.913690863e+01 3.955136045e-01 2.931249253e-02 1.072289922e-03 1.826103462e-09 3.944382524e-01 3.060383718e-06
3.088865780e+01 9.024249778e-01 2.624201173e-02 1.005392042e-03 2.674518152e-11 9.014193596e-01 2.261086970e-07
3.274572442e+01 1.881331785e+00 2.338488542e-02 9.435204359e-04 0.000000000e+00 1.880388265e+00 0.000000000e+00
3.471444033e+01 3.712618604e+00 2.108398240e-02 8.878034524e-04 0.000000000e+00 3.711730800e+00 0.000000000e+00
3.680151802e+01 6.489949919e+00 1.848637080e-02 8.350522168e-04 0.000000000e+00 6.489114867e+00 0.000000000e+00
3.901407356e+01 1.153742867e+01 1.680634782e-02 8.056534343e-04 0.000000000e+00 1.153662301e+01 0.000000000e+00
4.135965084e+01 1.950385045e+01 1.473147593e-02 7.456205514e-04 0.000000000e+00 1.950310483e+01 0.000000000e+00
4.384624730e+01 3.274089322e+01 1.314058266e-02 7.206983788e-04 0.000000000e+00 3.274017253e+01 0.000000000e+00
4.648234121e+01 5.172885274e+01 1.168676479e-02 6.947954916e-04 0.000000000e+00 5.172815794e+01 0.000000000e+00
4.927692053e+01 7.759077218e+01 1.038334980e-02 6.584811668e-04 0.000000000e+00 7.759011370e+01 0.000000000e+00
5.223951363e+01 1.150460088e+02 9.256541601e-03 6.318031847e-04 0.000000000e+00 1.150453770e+02 0.000000000e+00
5.538022172e+01 1.615840464e+02 8.221232059e-03 6.126322816e-04 0.000000000e+00 1.615834338e+02 0.000000000e+00
5.870975330e+01 2.229804562e+02 7.297991712e-03 5.940346071e-04 0.000000000e+00 2.229798621e+02 0.000000000e+00
6.223946068e+01 2.980803421e+02 6.574382893e-03 5.904043381e-04 0.000000000e+00 2.980797517e+02 0.000000000e+00
6.598137870e+01 3.869824823e+02 5.795857217e-03 5.733729519e-04 0.000000000e+00 3.869819089e+02 0.000000000e+00
6.994826574e+01 4.858756253e+02 5.161621725e-03 5.558608709e-04 0.000000000e+00 4.858750695e+02 0.000000000e+00
7.415364723e+01 6.009547556e+02 4.630931427e-03 5.553234305e-04 0.000000000e+00 6.009542002e+02 0.000000000e+00
7.861186177e+01 7.258173432e+02 4.097125370e-03 5.505991947e-04 0.000000000e+00 7.258167926e+02 0.000000000e+00
8.333811002e+01 8.429720443e+02 3.636439274e-03 5.345358355e-04 0.000000000e+00 8.429715098e+02 0.000000000e+00
8.834850651e+01 9.674668937e+02 3.247735415e-03 5.373114024e-04 0.000000000e+00 9.674663564e+02 0.000000000e+00
9.366013462e+01 1.086752952e+03 2.902144468e-03 5.397941037e-04 0.000000000e+00 1.086752412e+03 0.000000000e+00
9.929110477e+01 1.191011522e+03 1.660807564e-03 3.387165876e-04 0.000000000e+00 1.191011183e+03 0.000000000e+00
1.052606162e+02 1.294020543e+03 0.000000000e+00 0.000000000e+00 0.000000000e+00 1.294020543e+03 0.000000000e+00
1.115890226e+02 1.378871855e+03 0.000000000e+00 0.000000000e+00 0.000000000e+00 1.378871855e+03 0.000000000e+00
1.182979010e+02 1.452357041e+03 0.000000000e+00 0.000000000e+00 0.000000000e+00 1.452357041e+03 0.000000000e+00
1.254101260e+02 1.492454768e+03 0.000000000e+00 0.000000000e+00 0.000000000e+00 1.492454768e+03 0.000000000e+00
1.329499472e+02 1.521506162e+03 0.000000000e+00 0.000000000e+00 0.000000000e+00 1.521506162e+03 0.000000000e+00
1.409430725e+02 1.531544110e+03 0.000000000e+00 0.000000000e+00 0.000000000e+00 1.531544110e+03 0.000000000e+00
1.494167549e+02 1.508607605e+03 0.000000000e+00 0.000000000e+00 0.000000000e+00 1.508607605e+03 0.000000000e+00
1.583998862e+02 1.482564113e+03 0.000000000e+00 0.000000000e+00 0.000000000e+00 1.482564113e+03 0.000000000e+00
1.679230951e+02 1.412891333e+03 0.000000000e+00 0.000000000e+00 0.000000000e+00 1.412891333e+03 0.000000000e+00
1.780188519e+02 1.350348723e+03 0.000000000e+00 0.000000000e+00 0.000000000e+00 1.350348723e+03 0.000000000e+00
1.887215788e+02 1.262425601e+03 0.000000000e+00 0.000000000e+00 0.000000000e+00 1.262425601e+03 0.000000000e+00
2.000677676e+02 1.187162015e+03 0.000000000e+00 0.000000000e+00 0.000000000e+00 1.187162015e+03 0.000000000e+00
2.120961043e+02 1.104220619e+03 0.000000000e+00 0.000000000e+00 0.000000000e+00 1.104220619e+03 0.000000000e+00
2.248476003e+02 9.947751313e+02 0.000000000e+00 0.000000000e+00 0.000000000e+00 9.947751313e+02 0.000000000e+00
2.383657330e+02 9.059928487e+02 0.000000000e+00 0.000000000e+00 0.000000000e+00 9.059928487e+02 0.000000000e+00
2.526965935e+02 8.102445483e+02 0.000000000e+00 0.000000000e+00 0.000000000e+00 8.102445483e+02 0.000000000e+00
2.678890442e+02 7.293147635e+02 0.000000000e+00 0.000000000e+00 0.000000000e+00 7.293147635e+02 0.000000000e+00
2.839948849e+02 6.428660156e+02 0.000000000e+00 0.000000000e+00 0.000000000e+00 6.428660156e+02 0.000000000e+00
3.010690299e+02 5.661509808e+02 0.000000000e+00 0.000000000e+00 0.000000000e+00 5.661509808e+02 0.000000000e+00
3.191696949e+02 4.952200094e+02 0.000000000e+00 0.000000000e+00 0.000000000e+00 4.952200094e+02 0.000000000e+00
3.383585957e+02 4.301217131e+02 0.000000000e+00 0.000000000e+00 0.000000000e+00 4.301217131e+02 0.000000000e+00
3.587011583e+02 3.723252536e+02 0.000000000e+00 0.000000000e+00 0.000000000e+00 3.723252536e+02 0.000000000e+00
3.802667425e+02 3.222747073e+02 0.000000000e+00 0.000000000e+00 0.000000000e+00 3.222747073e+02 0.000000000e+00
4.031288779e+02 2.705763457e+02 0.000000000e+00 0.000000000e+00 0.000000000e+00 2.705763457e+02 0.000000000e+00
4.273655148e+02 2.346773338e+02 0.000000000e+00 0.000000000e+00 0.000000000e+00 2.346773338e+02 0.000000000e+00
4.530592901e+02 1.978171011e+02 0.000000000e+00 0.000000000e+00 0.000000000e+00 1.978171011e+02 0.000000000e+00
4.802978090e+02 1.655454414e+02 0.000000000e+00 0.000000000e+00 0.000000000e+00 1.655454414e+02 0.000000000e+00
5.091739433e+02 1.376764531e+02 0.000000000e+00 0.000000000e+00 0.000000000e+00 1.376764531e+02 0.000000000e+00
5.397861487e+02 1.187880988e+02 0.000000000e+00 0.000000000e+00 0.000000000e+00 1.187880988e+02 0.000000000e+00
5.722388000e+02 9.809485141e+01 0.000000000e+00 0.000000000e+00 0.000000000e+00 9.809485141e+01 0.000000000e+00
6.066425473e+02 8.170065008e+01 0.000000000e+00 0.000000000e+00 0.000000000e+00 8.170065008e+01 0.000000000e+00
6.431146930e+02 6.753473994e+01 0.000000000e+00 0.000000000e+00 0.000000000e+00 6.753473994e+01 0.000000000e+00
6.817795920e+02 5.604970794e+01 0.000000000e+00 0.000000000e+00 0.000000000e+00 5.604970794e+01 0.000000000e+00
7.227690754e+02 4.627216085e+01 0.000000000e+00 0.000000000e+00 0.000000000e+00 4.627216085e+01 0.000000000e+00
7.662229003e+02 3.840761225e+01 0.000000000e+00 0.000000000e+00 0.000000000e+00 3.840761225e+01 0.000000000e+00
8.122892262e+02 3.176392588e+01 0.000000000e+00 0.000000000e+00 0.000000000e+00 3.176392588e+01 0.000000000e+00
8.611251200e+02 2.608654044e+01 0.000000000e+00 0.000000000e+00 0.000000000e+00 2.608654044e+01 0.000000000e+00
9.128970918e+02 2.144812566e+01 0.000000000e+00 0.000000000e+00 0.000000000e+00 2.144812566e+01 0.000000000e+00
9.677816625e+02 1.728807735e+01 0.000000000e+00 0.000000000e+00 0.000000000e+00 1.728807735e+01 0.000000000e+00
1.025965966e+03 1.484236369e+01 0.000000000e+00 0.000000000e+00 0.000000000e+00 1.484236369e+01 0.000000000e+00
1.087648385e+03 1.335451857e+01 0.000000000e+00 0.000000000e+00 0.000000000e+00 1.335451857e+01 0.000000000e+00
1.153039233e+03 1.228451462e+01 0.000000000e+00 0.000000000e+00 0.000000000e+00 1.228451462e+01 0.000000000e+00
1.222361464e+03 1.106156294e+01 0.000000000e+00 0.000000000e+00 0.000000000e+00 1.106156294e+01 0.000000000e+00
1.295851439e+03 1.010104049e+01 0.000000000e+00 0.000000000e+00 0.000000000e+00 1.010104049e+01 0.000000000e+00
1.373759727e+03 9.155152715e+00 0.000000000e+00 0.000000000e+00 0.000000000e+00 9.155152715e+00 0.000000000e+00
1.456351964e+03 8.268132969e+00 0.000000000e+00 0.000000000e+00 0.000000000e+00 8.268132969e+00 0.000000000e+00
1.543909754e+03 7.572657999e+00 0.000000000e+00 0.000000000e+00 0.000000000e+00 7.572657999e+00 0.000000000e+00
1.636731634e+03 6.700029311e+00 0.000000000e+00 0.000000000e+00 0.000000000e+00 6.700029311e+00 0.000000000e+00
1.735134087e+03 6.211494744e+00 0.000000000e+00 0.000000000e+00 0.000000000e+00 6.211494744e+00 0.000000000e+00
1.839452624e+03 5.525063186e+00 0.000000000e+00 0.000000000e+00 0.000000000e+00 5.525063186e+00 0.000000000e+00
1.950042929e+03 5.060776700e+00 0.000000000e+00 0.000000000e+00 0.000000000e+00 5.060776700e+00 0.000000000e+00
2.067282068e+03 4.556675182e+00 0.000000000e+00 0.000000000e+00 0.000000000e+00 4.556675182e+00 0.000000000e+00
2.191569778e+03 4.079214730e+00 0.000000000e+00 0.000000000e+00 0.000000000e+00 4.079214730e+00 0.000000000e+00
2.323329827e+03 3.690259331e+00 0.000000000e+00 0.000000000e+00 0.000000000e+00 3.690259331e+00 0.000000000e+00
2.463011464e+03 3.326771893e+00 0.000000000e+00 0.000000000e+00 0.000000000e+00 3.326771893e+00 0.000000000e+00
2.611090944e+03 2.937444898e+00 0.000000000e+00 0.000000000e+00 0.000000000e+00 2.937444898e+00 0.000000000e+00
2.768073157e+03 2.650341187e+00 0.000000000e+00 0.000000000e+00 0.000000000e+00 2.650341187e+00 0.000000000e+00
2.934493346e+03 2.431074015e+00 0.000000000e+00 0.000000000e+00 0.000000000e+00 2.431074015e+00 0.000000000e+00
3.110918936e+03 2.104139807e+00 0.000000000e+00 0.000000000e+00 0.000000000e+00 2.104139807e+00 0.000000000e+00
3.297951463e+03 1.919604137e+00 0.000000000e+00 0.000000000e+00 0.000000000e+00 1.919604137e+00 0.000000000e+00
3.496228631e+03 1.711410864e+00 0.000000000e+00 0.000000000e+00 0.000000000e+00 1.711410864e+00 0.000000000e+00
3.706426483e+03 1.532773449e+00 0.000000000e+00 0.000000000e+00 0.000000000e+00 1.532773449e+00 0.000000000e+00
3.929261705e+03 1.376494289e+00 0.000000000e+00 0.000000000e+00 0.000000000e+00 1.376494289e+00 0.000000000e+00
4.165494073e+03 1.228812461e+00 0.000000000e+00 0.000000000e+00 0.000000000e+00 1.228812461e+00 0.000000000e+00
4.415929040e+03 1.122957348e+00 0.000000000e+00 0.000000000e+00 0.000000000e+00 1.122957348e+00 0.000000000e+00
4.681420487e+03 9.894319480e-01 0.000000000e+00 0.000000000e+00 0.000000000e+00 9.894319480e-01 0.000000000e+00
4.962873628e+03 8.915429771e-01 0.000000000e+00 0.000000000e+00 0.000000000e+00 8.915429771e-01 0.000000000e+00
5.261248100e+03 7.988648319e-01 0.000000000e+00 0.000000000e+00 0.000000000e+00 7.988648319e-01 0.000000000e+00
5.577561237e+03 7.017477038e-01 0.000000000e+00 0.000000000e+00 0.000000000e+00 7.017477038e-01 0.000000000e+00
5.912891535e+03 6.262328352e-01 0.000000000e+00 0.000000000e+00 0.000000000e+00 6.262328352e-01 0.000000000e+00
6.268382331e+03 5.665597061e-01 0.000000000e+00 0.000000000e+00 0.000000000e+00 5.665597061e-01 0.000000000e+00
6.645245699e+03 5.038373085e-01 0.000000000e+00 0.000000000e+00 0.000000000e+00 5.038373085e-01 0.000000000e+00
7.044766588e+03 4.523902782e-01 0.000000000e+00 0.000000000e+00 0.000000000e+00 4.523902782e-01 0.000000000e+00
7.468307196e+03 4.063614860e-01 0.000000000e+00 0.000000000e+00 0.000000000e+00 4.063614860e-01 0.000000000e+00
7.917311621e+03 3.562686054e-01 0.000000000e+00 0.000000000e+00 0.000000000e+00 3.562686054e-01 0.000000000e+00
8.393310782e+03 3.201683034e-01 0.000000000e+00 0.000000000e+00 0.000000000e+00 3.201683034e-01 0.000000000e+00
8.897927636e+03 2.864716343e-01 0.000000000e+00 0.000000000e+00 0.000000000e+00 2.864716343e-01 0.000000000e+00
9.432882717e+03 2.547732663e-01 0.000000000e+00 0.000000000e+00 0.000000000e+00 2.547732663e-01 0.000000000e+00
1.000000000e+04 2.031140659e-01 0.000000000e+00 0.000000000e+00 0.000000000e+00 2.031140659e-01 0.000000000e+00
